500	0.000788534	4025.14
1000	0.00018999	549.535
1500	8.34E-005	162.086
2000	4.67E-005	68.5087
2500	2.98E-005	34.4416
3000	2.06E-005	19.646
3500	1.51E-005	12.0699
4000	1.16E-005	7.94921
4500	9.15E-006	5.53579
5000	7.40E-006	4.00083
5500	6.12E-006	3.01923
6000	5.13E-006	2.33098
6500	4.37E-006	1.85054
7000	3.77E-006	1.50782
7500	3.28E-006	1.25109
8000	2.89E-006	1.05547
8500	2.56E-006	0.903573
9000	2.28E-006	0.78472
9500	2.05E-006	0.691281
10000	1.85E-006	0.614967
10500	1.67E-006	0.551591
11000	1.52E-006	0.498999
11500	1.40E-006	0.458293
12000	1.28E-006	0.42237
12500	1.18E-006	0.392077
13000	1.09E-006	0.367477
13500	1.01E-006	0.34468
14000	9.43E-007	0.327103
14500	8.77E-007	0.3103
15000	8.21E-007	0.296875
15500	7.68E-007	0.284072
16000	7.22E-007	0.273788
16500	6.77E-007	0.263677
17000	6.39E-007	0.255779
17500	6.02E-007	0.247881
18000	5.70E-007	0.241429
18500	5.39E-007	0.235336
19000	5.11E-007	0.229756
19500	4.86E-007	0.225041
20000	4.61E-007	0.220326
20500	4.39E-007	0.216425
21000	4.19E-007	0.21276
21500	3.99E-007	0.209095
22000	3.82E-007	0.206229
22500	3.65E-007	0.203362
23000	3.48E-007	0.200516
23500	3.34E-007	0.198256
24000	3.21E-007	0.195997
24500	3.07E-007	0.193737
25000	2.95E-007	0.191882
25500	2.84E-007	0.190092
26000	2.73E-007	0.188302
26500	2.63E-007	0.186677
27000	2.53E-007	0.185238
27500	2.44E-007	0.183799
28000	2.35E-007	0.18236
28500	2.27E-007	0.181152
29000	2.20E-007	0.179985
29500	2.12E-007	0.178818
30000	2.05E-007	0.177652
30500	1.98E-007	0.176696
31000	1.92E-007	0.175746
31500	1.86E-007	0.174797
32000	1.80E-007	0.173847
32500	1.75E-007	0.173031
33000	1.70E-007	0.172244
33500	1.65E-007	0.171456
34000	1.60E-007	0.170668
34500	1.55E-007	0.169933
35000	1.51E-007	0.169275
35500	1.47E-007	0.168617
36000	1.42E-007	0.167959
36500	1.38E-007	0.167301
37000	1.35E-007	0.166707
37500	1.31E-007	0.166145
38000	1.28E-007	0.165583
38500	1.25E-007	0.165021
39000	1.21E-007	0.164459
39500	1.18E-007	0.163945
40000	1.15E-007	0.163463
40500	1.13E-007	0.162981
41000	1.10E-007	0.162499
41500	1.07E-007	0.162017
42000	1.04E-007	0.161547
42500	1.02E-007	0.161123
43000	9.99E-008	0.160699
43500	9.76E-008	0.160275
44000	9.54E-008	0.159851
44500	9.31E-008	0.159427
45000	9.10E-008	0.159023
45500	8.91E-008	0.158648
46000	8.73E-008	0.158273
46500	8.54E-008	0.157898
47000	8.36E-008	0.157523
47500	8.17E-008	0.157148
48000	8.00E-008	0.156782
48500	7.84E-008	0.156445
49000	7.69E-008	0.156109
49500	7.54E-008	0.155772
50000	7.38E-008	0.155436
50500	7.23E-008	0.1551
51000	7.09E-008	0.154763
51500	6.95E-008	0.154447
52000	6.82E-008	0.154141
52500	6.70E-008	0.153836
53000	6.57E-008	0.153531
53500	6.45E-008	0.153225
54000	6.33E-008	0.15292
54500	6.21E-008	0.152615
55000	6.10E-008	0.152323
55500	5.99E-008	0.152043
56000	5.89E-008	0.151762
56500	5.79E-008	0.151481
57000	5.69E-008	0.151201
57500	5.58E-008	0.15092
58000	5.49E-008	0.150639
58500	5.39E-008	0.150359
59000	5.30E-008	0.150101
59500	5.22E-008	0.149842
60000	5.13E-008	0.149584
60500	5.05E-008	0.149325
61000	4.96E-008	0.149067
61500	4.88E-008	0.148809
62000	4.80E-008	0.14855
62500	4.72E-008	0.148292
63000	4.65E-008	0.148049
63500	4.58E-008	0.147808
64000	4.51E-008	0.147567
64500	4.44E-008	0.147325
65000	4.37E-008	0.147084
65500	4.30E-008	0.146843
66000	4.24E-008	0.146601
66500	4.17E-008	0.14636
67000	4.11E-008	0.146124
67500	4.05E-008	0.1459
68000	3.99E-008	0.145675
68500	3.94E-008	0.145451
69000	3.88E-008	0.145227
69500	3.82E-008	0.145003
70000	3.77E-008	0.144778
70500	3.71E-008	0.144554
71000	3.66E-008	0.14433
71500	3.60E-008	0.144107
72000	3.56E-008	0.143895
72500	3.51E-008	0.143683
73000	3.46E-008	0.143471
73500	3.42E-008	0.143259
74000	3.37E-008	0.143047
74500	3.33E-008	0.142835
75000	3.28E-008	0.142623
75500	3.24E-008	0.142411
76000	3.19E-008	0.142199
76500	3.15E-008	0.14199
77000	3.11E-008	0.14179
77500	3.07E-008	0.141591
78000	3.03E-008	0.141392
78500	3.00E-008	0.141193
79000	2.96E-008	0.140994
79500	2.92E-008	0.140795
80000	2.88E-008	0.140596
80500	2.85E-008	0.140397
81000	2.81E-008	0.140198
81500	2.77E-008	0.139999
82000	2.74E-008	0.139807
82500	2.71E-008	0.139619
83000	2.68E-008	0.139431
83500	2.65E-008	0.139242
84000	2.62E-008	0.139054
84500	2.59E-008	0.138866
85000	2.55E-008	0.138678
85500	2.52E-008	0.138489
86000	2.49E-008	0.138301
86500	2.46E-008	0.138113
87000	2.43E-008	0.137925
87500	2.41E-008	0.137741
88000	2.38E-008	0.137563
88500	2.36E-008	0.137384
89000	2.33E-008	0.137206
89500	2.30E-008	0.137028
90000	2.28E-008	0.13685
90500	2.25E-008	0.136671
91000	2.23E-008	0.136493
91500	2.21E-008	0.136315
92000	2.18E-008	0.136137
92500	2.16E-008	0.135959
93000	2.13E-008	0.13578
93500	2.11E-008	0.135606
94000	2.09E-008	0.135438
94500	2.07E-008	0.13527
95000	2.05E-008	0.135101
95500	2.03E-008	0.134933
96000	2.00E-008	0.134765
96500	1.98E-008	0.134597
97000	1.96E-008	0.134429
97500	1.94E-008	0.134261
98000	1.92E-008	0.134092
98500	1.90E-008	0.133924
99000	1.88E-008	0.133756
99500	1.86E-008	0.133588
100000	1.84E-008	0.133424
100500	1.83E-008	0.133264
101000	1.81E-008	0.133105
101500	1.79E-008	0.132945
102000	1.78E-008	0.132786
102500	1.76E-008	0.132626
103000	1.74E-008	0.132467
103500	1.72E-008	0.132307
104000	1.71E-008	0.132147
104500	1.69E-008	0.131988
105000	1.67E-008	0.131828
105500	1.66E-008	0.131669
106000	1.64E-008	0.131509
106500	1.63E-008	0.13135
107000	1.61E-008	0.131196
107500	1.60E-008	0.131045
108000	1.58E-008	0.130893
108500	1.57E-008	0.130742
109000	1.55E-008	0.13059
109500	1.54E-008	0.130439
110000	1.53E-008	0.130287
110500	1.51E-008	0.130136
111000	1.50E-008	0.129984
111500	1.49E-008	0.129833
112000	1.47E-008	0.129681
112500	1.46E-008	0.12953
113000	1.45E-008	0.129378
113500	1.43E-008	0.129227
114000	1.42E-008	0.129075
114500	1.41E-008	0.128933
115000	1.40E-008	0.12879
115500	1.38E-008	0.128648
116000	1.37E-008	0.128505
116500	1.36E-008	0.128362
117000	1.35E-008	0.12822
117500	1.34E-008	0.128077
118000	1.33E-008	0.127934
118500	1.31E-008	0.127792
119000	1.30E-008	0.127649
119500	1.29E-008	0.127507
120000	1.28E-008	0.127364
120500	1.27E-008	0.127221
121000	1.26E-008	0.127079
121500	1.25E-008	0.126936
122000	1.24E-008	0.126796
122500	1.23E-008	0.12666
123000	1.22E-008	0.126525
123500	1.21E-008	0.126389
124000	1.20E-008	0.126254
124500	1.19E-008	0.126118
125000	1.18E-008	0.125983
125500	1.17E-008	0.125847
126000	1.16E-008	0.125712
126500	1.15E-008	0.125576
127000	1.14E-008	0.125441
127500	1.14E-008	0.125305
128000	1.13E-008	0.12517
128500	1.12E-008	0.125034
129000	1.11E-008	0.124899
129500	1.10E-008	0.124763
130000	1.09E-008	0.124628
130500	1.08E-008	0.124496
131000	1.07E-008	0.124368
131500	1.07E-008	0.12424
132000	1.06E-008	0.124113
132500	1.05E-008	0.123985
133000	1.04E-008	0.123857
133500	1.04E-008	0.12373
134000	1.03E-008	0.123602
134500	1.02E-008	0.123474
135000	1.01E-008	0.123347
135500	1.01E-008	0.123219
136000	9.98E-009	0.123091
136500	9.91E-009	0.122964
137000	9.83E-009	0.122836
137500	9.76E-009	0.122708
138000	9.69E-009	0.122581
138500	9.61E-009	0.122453
139000	9.54E-009	0.122325
139500	9.47E-009	0.122201
140000	9.41E-009	0.12208
140500	9.34E-009	0.121959
141000	9.28E-009	0.121839
141500	9.22E-009	0.121718
142000	9.15E-009	0.121597
142500	9.09E-009	0.121476
143000	9.03E-009	0.121355
143500	8.97E-009	0.121234
144000	8.91E-009	0.121114
144500	8.84E-009	0.120993
145000	8.78E-009	0.120872
145500	8.72E-009	0.120751
146000	8.66E-009	0.12063
146500	8.60E-009	0.12051
147000	8.54E-009	0.120389
147500	8.48E-009	0.120268
148000	8.42E-009	0.120147
148500	8.36E-009	0.120026
149000	8.30E-009	0.119907
149500	8.25E-009	0.119793
150000	8.20E-009	0.119679
150500	8.15E-009	0.119566
151000	8.09E-009	0.119452
151500	8.04E-009	0.119338
152000	7.99E-009	0.119224
152500	7.94E-009	0.11911
153000	7.89E-009	0.118996
153500	7.84E-009	0.118882
154000	7.79E-009	0.118768
154500	7.74E-009	0.118654
155000	7.69E-009	0.118541
155500	7.64E-009	0.118427
156000	7.59E-009	0.118313
156500	7.54E-009	0.118199
157000	7.49E-009	0.118085
157500	7.44E-009	0.117971
158000	7.39E-009	0.117857
158500	7.34E-009	0.117743
159000	7.29E-009	0.11763
159500	7.25E-009	0.117521
160000	7.20E-009	0.117414
160500	7.16E-009	0.117307
161000	7.12E-009	0.1172
161500	7.08E-009	0.117093
162000	7.03E-009	0.116986
162500	6.99E-009	0.116879
163000	6.95E-009	0.116772
163500	6.91E-009	0.116665
164000	6.87E-009	0.116559
164500	6.82E-009	0.116452
165000	6.78E-009	0.116345
165500	6.74E-009	0.116238
166000	6.70E-009	0.116131
166500	6.66E-009	0.116024
167000	6.62E-009	0.115917
167500	6.58E-009	0.11581
168000	6.54E-009	0.115703
168500	6.50E-009	0.115596
169000	6.46E-009	0.11549
169500	6.42E-009	0.115383
170000	6.38E-009	0.115276
170500	6.34E-009	0.115173
171000	6.31E-009	0.115073
171500	6.27E-009	0.114972
172000	6.24E-009	0.114871
172500	6.20E-009	0.11477
173000	6.17E-009	0.11467
173500	6.13E-009	0.114569
174000	6.10E-009	0.114468
174500	6.06E-009	0.114367
175000	6.03E-009	0.114266
175500	6.00E-009	0.114166
176000	5.96E-009	0.114065
176500	5.93E-009	0.113964
177000	5.89E-009	0.113863
177500	5.86E-009	0.113762
178000	5.83E-009	0.113662
178500	5.79E-009	0.113561
179000	5.76E-009	0.11346
179500	5.73E-009	0.113359
180000	5.69E-009	0.113258
180500	5.66E-009	0.113158
181000	5.63E-009	0.113057
181500	5.60E-009	0.112956
182000	5.56E-009	0.112857
182500	5.54E-009	0.112762
183000	5.51E-009	0.112667
183500	5.48E-009	0.112572
184000	5.45E-009	0.112477
184500	5.42E-009	0.112382
185000	5.39E-009	0.112287
185500	5.37E-009	0.112192
186000	5.34E-009	0.112097
186500	5.31E-009	0.112002
187000	5.28E-009	0.111907
187500	5.25E-009	0.111812
188000	5.23E-009	0.111717
188500	5.20E-009	0.111622
189000	5.17E-009	0.111527
189500	5.14E-009	0.111431
190000	5.12E-009	0.111336
190500	5.09E-009	0.111241
191000	5.06E-009	0.111146
191500	5.03E-009	0.111051
192000	5.01E-009	0.110956
192500	4.98E-009	0.110861
193000	4.95E-009	0.110766
193500	4.92E-009	0.110671
194000	4.90E-009	0.110576
194500	4.87E-009	0.110482
195000	4.85E-009	0.110394
195500	4.82E-009	0.110305
196000	4.80E-009	0.110216
196500	4.78E-009	0.110127
197000	4.76E-009	0.110038
197500	4.73E-009	0.109949
198000	4.71E-009	0.10986
198500	4.69E-009	0.109771
199000	4.66E-009	0.109683
199500	4.64E-009	0.109594
200000	4.62E-009	0.109505
200500	4.59E-009	0.109416
201000	4.57E-009	0.109327
201500	4.55E-009	0.109238
202000	4.53E-009	0.109149
202500	4.50E-009	0.109061
203000	4.48E-009	0.108972
203500	4.46E-009	0.108883
204000	4.44E-009	0.108794
204500	4.41E-009	0.108705
205000	4.39E-009	0.108616
205500	4.37E-009	0.108527
206000	4.35E-009	0.108439
206500	4.32E-009	0.10835
207000	4.30E-009	0.108261
207500	4.28E-009	0.108172
208000	4.26E-009	0.108085
208500	4.24E-009	0.108002
209000	4.22E-009	0.107918
209500	4.20E-009	0.107835
210000	4.18E-009	0.107751
210500	4.16E-009	0.107668
211000	4.15E-009	0.107584
211500	4.13E-009	0.107501
212000	4.11E-009	0.107418
212500	4.09E-009	0.107334
213000	4.07E-009	0.107251
213500	4.05E-009	0.107167
214000	4.03E-009	0.107084
214500	4.01E-009	0.107
215000	4.00E-009	0.106917
215500	3.98E-009	0.106833
216000	3.96E-009	0.10675
216500	3.94E-009	0.106666
217000	3.92E-009	0.106583
217500	3.90E-009	0.1065
218000	3.88E-009	0.106416
218500	3.87E-009	0.106333
219000	3.85E-009	0.106249
219500	3.83E-009	0.106166
220000	3.81E-009	0.106082
220500	3.79E-009	0.105999
221000	3.78E-009	0.105915
221500	3.76E-009	0.105832
222000	3.74E-009	0.105749
222500	3.72E-009	0.105669
223000	3.71E-009	0.105591
223500	3.69E-009	0.105513
224000	3.68E-009	0.105435
224500	3.66E-009	0.105357
225000	3.64E-009	0.105279
225500	3.63E-009	0.105201
226000	3.61E-009	0.105123
226500	3.60E-009	0.105045
227000	3.58E-009	0.104966
227500	3.57E-009	0.104888
228000	3.55E-009	0.10481
228500	3.54E-009	0.104732
229000	3.52E-009	0.104654
229500	3.51E-009	0.104576
230000	3.49E-009	0.104498
230500	3.48E-009	0.10442
231000	3.46E-009	0.104342
231500	3.45E-009	0.104264
232000	3.43E-009	0.104186
232500	3.42E-009	0.104108
233000	3.40E-009	0.10403
233500	3.39E-009	0.103952
234000	3.37E-009	0.103874
234500	3.36E-009	0.103796
235000	3.34E-009	0.103718
235500	3.33E-009	0.10364
236000	3.31E-009	0.103562
236500	3.30E-009	0.103484
237000	3.28E-009	0.103406
237500	3.27E-009	0.103328
238000	3.25E-009	0.103255
238500	3.24E-009	0.103182
239000	3.23E-009	0.103109
239500	3.22E-009	0.103036
240000	3.20E-009	0.102963
240500	3.19E-009	0.10289
241000	3.18E-009	0.102817
241500	3.17E-009	0.102744
242000	3.15E-009	0.102671
242500	3.14E-009	0.102598
243000	3.13E-009	0.102525
243500	3.11E-009	0.102452
244000	3.10E-009	0.102379
244500	3.09E-009	0.102306
245000	3.08E-009	0.102233
245500	3.06E-009	0.10216
246000	3.05E-009	0.102087
246500	3.04E-009	0.102014
247000	3.03E-009	0.101941
247500	3.01E-009	0.101868
248000	3.00E-009	0.101795
248500	2.99E-009	0.101722
249000	2.98E-009	0.101649
249500	2.97E-009	0.101576
250000	2.95E-009	0.101503
250500	2.94E-009	0.10143
251000	2.93E-009	0.101357
251500	2.92E-009	0.101284
252000	2.90E-009	0.101211
252500	2.89E-009	0.101138
253000	2.88E-009	0.101065
253500	2.87E-009	0.100992
254000	2.86E-009	0.10092
254500	2.85E-009	0.100852
255000	2.84E-009	0.100784
255500	2.83E-009	0.100716
256000	2.81E-009	0.100648
256500	2.80E-009	0.10058
257000	2.79E-009	0.100511
257500	2.78E-009	0.100443
258000	2.77E-009	0.100375
258500	2.76E-009	0.100307
259000	2.75E-009	0.100239
259500	2.74E-009	0.10017
260000	2.73E-009	0.100102
260500	2.72E-009	0.100034
261000	2.71E-009	0.0999659
261500	2.70E-009	0.0998977
262000	2.69E-009	0.0998295
262500	2.68E-009	0.0997613
263000	2.67E-009	0.0996932
263500	2.66E-009	0.099625
264000	2.65E-009	0.0995568
264500	2.64E-009	0.0994886
265000	2.63E-009	0.0994204
265500	2.62E-009	0.0993523
266000	2.61E-009	0.0992841
266500	2.60E-009	0.0992159
267000	2.59E-009	0.0991477
267500	2.58E-009	0.0990795
268000	2.57E-009	0.0990114
268500	2.56E-009	0.0989432
269000	2.55E-009	0.098875
269500	2.54E-009	0.0988068
270000	2.53E-009	0.0987386
270500	2.52E-009	0.0986705
271000	2.51E-009	0.0986023
271500	2.50E-009	0.0985351
272000	2.49E-009	0.0984716
272500	2.48E-009	0.098408
273000	2.47E-009	0.0983445
273500	2.47E-009	0.0982809
274000	2.46E-009	0.0982174
274500	2.45E-009	0.0981538
275000	2.44E-009	0.0980903
275500	2.43E-009	0.0980267
276000	2.42E-009	0.0979631
276500	2.42E-009	0.0978996
277000	2.41E-009	0.097836
277500	2.40E-009	0.0977725
278000	2.39E-009	0.0977089
278500	2.38E-009	0.0976454
279000	2.37E-009	0.0975818
279500	2.36E-009	0.0975182
280000	2.36E-009	0.0974547
280500	2.35E-009	0.0973911
281000	2.34E-009	0.0973276
281500	2.33E-009	0.097264
282000	2.32E-009	0.0972005
282500	2.31E-009	0.0971369
283000	2.31E-009	0.0970733
283500	2.30E-009	0.0970098
284000	2.29E-009	0.0969462
284500	2.28E-009	0.0968827
285000	2.27E-009	0.0968191
285500	2.26E-009	0.0967556
286000	2.26E-009	0.096692
286500	2.25E-009	0.0966284
287000	2.24E-009	0.0965649
287500	2.23E-009	0.0965013
288000	2.22E-009	0.0964378
288500	2.22E-009	0.0963742
289000	2.21E-009	0.0963107
289500	2.20E-009	0.0962471
290000	2.19E-009	0.0961835
290500	2.18E-009	0.0961234
291000	2.18E-009	0.0960642
291500	2.17E-009	0.096005
292000	2.16E-009	0.0959458
292500	2.16E-009	0.0958866
293000	2.15E-009	0.0958274
293500	2.14E-009	0.0957682
294000	2.14E-009	0.095709
294500	2.13E-009	0.0956498
295000	2.12E-009	0.0955906
295500	2.11E-009	0.0955314
296000	2.11E-009	0.0954722
296500	2.10E-009	0.095413
297000	2.09E-009	0.0953538
297500	2.09E-009	0.0952946
298000	2.08E-009	0.0952354
298500	2.07E-009	0.0951762
299000	2.07E-009	0.095117
299500	2.06E-009	0.0950578
300000	2.05E-009	0.0949986
300500	2.05E-009	0.0949394
301000	2.04E-009	0.0948802
301500	2.03E-009	0.094821
302000	2.03E-009	0.0947618
302500	2.02E-009	0.0947026
303000	2.01E-009	0.0946434
303500	2.00E-009	0.0945842
304000	2.00E-009	0.094525
304500	1.99E-009	0.0944658
305000	1.98E-009	0.0944066
305500	1.98E-009	0.0943474
306000	1.97E-009	0.0942882
306500	1.96E-009	0.094229
307000	1.96E-009	0.0941698
307500	1.95E-009	0.0941106
308000	1.94E-009	0.0940514
308500	1.94E-009	0.0939922
309000	1.93E-009	0.093933
309500	1.92E-009	0.0938738
310000	1.92E-009	0.0938146
310500	1.91E-009	0.0937585
311000	1.91E-009	0.0937034
311500	1.90E-009	0.0936483
312000	1.89E-009	0.0935933
312500	1.89E-009	0.0935382
313000	1.88E-009	0.0934831
313500	1.88E-009	0.0934281
314000	1.87E-009	0.093373
314500	1.87E-009	0.0933179
315000	1.86E-009	0.0932629
315500	1.85E-009	0.0932078
316000	1.85E-009	0.0931527
316500	1.84E-009	0.0930977
317000	1.84E-009	0.0930426
317500	1.83E-009	0.0929875
318000	1.83E-009	0.0929324
318500	1.82E-009	0.0928774
319000	1.81E-009	0.0928223
319500	1.81E-009	0.0927672
320000	1.80E-009	0.0927122
320500	1.80E-009	0.0926571
321000	1.79E-009	0.092602
321500	1.79E-009	0.092547
322000	1.78E-009	0.0924919
322500	1.78E-009	0.0924368
323000	1.77E-009	0.0923818
323500	1.76E-009	0.0923267
324000	1.76E-009	0.0922716
324500	1.75E-009	0.0922166
325000	1.75E-009	0.0921615
325500	1.74E-009	0.0921064
326000	1.74E-009	0.0920513
326500	1.73E-009	0.0919963
327000	1.73E-009	0.0919412
327500	1.72E-009	0.0918861
328000	1.72E-009	0.0918311
328500	1.71E-009	0.091776
329000	1.70E-009	0.0917209
329500	1.70E-009	0.0916659
330000	1.69E-009	0.0916108
330500	1.69E-009	0.0915557
331000	1.68E-009	0.0915007
331500	1.68E-009	0.0914456
332000	1.67E-009	0.0913942
332500	1.67E-009	0.091343
333000	1.66E-009	0.0912918
333500	1.66E-009	0.0912406
334000	1.65E-009	0.0911894
334500	1.65E-009	0.0911383
335000	1.64E-009	0.0910871
335500	1.64E-009	0.0910359
336000	1.63E-009	0.0909847
336500	1.63E-009	0.0909335
337000	1.63E-009	0.0908823
337500	1.62E-009	0.0908312
338000	1.62E-009	0.09078
338500	1.61E-009	0.0907288
339000	1.61E-009	0.0906776
339500	1.60E-009	0.0906264
340000	1.60E-009	0.0905753
340500	1.59E-009	0.0905241
341000	1.59E-009	0.0904729
341500	1.58E-009	0.0904217
342000	1.58E-009	0.0903705
342500	1.57E-009	0.0903193
343000	1.57E-009	0.0902682
343500	1.57E-009	0.090217
344000	1.56E-009	0.0901658
344500	1.56E-009	0.0901146
345000	1.55E-009	0.0900634
345500	1.55E-009	0.0900122
346000	1.54E-009	0.0899611
346500	1.54E-009	0.0899099
347000	1.53E-009	0.0898587
347500	1.53E-009	0.0898075
348000	1.52E-009	0.0897563
348500	1.52E-009	0.0897051
349000	1.52E-009	0.089654
349500	1.51E-009	0.0896028
350000	1.51E-009	0.0895516
350500	1.50E-009	0.0895004
351000	1.50E-009	0.0894492
351500	1.49E-009	0.089398
352000	1.49E-009	0.0893469
352500	1.48E-009	0.0892957
353000	1.48E-009	0.0892445
353500	1.47E-009	0.0891933
354000	1.47E-009	0.0891421
354500	1.47E-009	0.0890917
355000	1.46E-009	0.0890442
355500	1.46E-009	0.0889967
356000	1.45E-009	0.0889492
356500	1.45E-009	0.0889017
357000	1.45E-009	0.0888542
357500	1.44E-009	0.0888067
358000	1.44E-009	0.0887592
358500	1.44E-009	0.0887117
359000	1.43E-009	0.0886643
359500	1.43E-009	0.0886168
360000	1.42E-009	0.0885693
360500	1.42E-009	0.0885218
361000	1.42E-009	0.0884743
361500	1.41E-009	0.0884268
362000	1.41E-009	0.0883793
362500	1.40E-009	0.0883318
363000	1.40E-009	0.0882844
363500	1.40E-009	0.0882369
364000	1.39E-009	0.0881894
364500	1.39E-009	0.0881419
365000	1.39E-009	0.0880944
365500	1.38E-009	0.0880469
366000	1.38E-009	0.0879994
366500	1.37E-009	0.0879519
367000	1.37E-009	0.0879045
367500	1.37E-009	0.087857
368000	1.36E-009	0.0878095
368500	1.36E-009	0.087762
369000	1.36E-009	0.0877145
369500	1.35E-009	0.087667
370000	1.35E-009	0.0876195
370500	1.35E-009	0.087572
371000	1.34E-009	0.0875245
371500	1.34E-009	0.0874771
372000	1.33E-009	0.0874296
372500	1.33E-009	0.0873821
373000	1.33E-009	0.0873346
373500	1.32E-009	0.0872871
374000	1.32E-009	0.0872396
374500	1.32E-009	0.0871921
375000	1.31E-009	0.0871446
375500	1.31E-009	0.0870972
376000	1.30E-009	0.0870497
376500	1.30E-009	0.0870022
377000	1.30E-009	0.0869547
377500	1.29E-009	0.0869072
378000	1.29E-009	0.0868597
378500	1.29E-009	0.0868122
379000	1.28E-009	0.0867657
379500	1.28E-009	0.0867217
380000	1.28E-009	0.0866776
380500	1.27E-009	0.0866336
381000	1.27E-009	0.0865896
381500	1.27E-009	0.0865455
382000	1.26E-009	0.0865015
382500	1.26E-009	0.0864574
383000	1.26E-009	0.0864134
383500	1.25E-009	0.0863694
384000	1.25E-009	0.0863253
384500	1.25E-009	0.0862813
385000	1.25E-009	0.0862373
385500	1.24E-009	0.0861932
386000	1.24E-009	0.0861492
386500	1.24E-009	0.0861051
387000	1.23E-009	0.0860611
387500	1.23E-009	0.0860171
388000	1.23E-009	0.085973
388500	1.22E-009	0.085929
389000	1.22E-009	0.0858849
389500	1.22E-009	0.0858409
390000	1.21E-009	0.0857969
390500	1.21E-009	0.0857528
391000	1.21E-009	0.0857088
391500	1.20E-009	0.0856648
392000	1.20E-009	0.0856207
392500	1.20E-009	0.0855767
393000	1.20E-009	0.0855326
393500	1.19E-009	0.0854886
394000	1.19E-009	0.0854446
394500	1.19E-009	0.0854005
395000	1.18E-009	0.0853565
395500	1.18E-009	0.0853125
396000	1.18E-009	0.0852684
396500	1.17E-009	0.0852244
397000	1.17E-009	0.0851803
397500	1.17E-009	0.0851363
398000	1.17E-009	0.0850923
398500	1.16E-009	0.0850482
399000	1.16E-009	0.0850042
399500	1.16E-009	0.0849601
400000	1.15E-009	0.0849161
400500	1.15E-009	0.0848721
401000	1.15E-009	0.084828
401500	1.14E-009	0.084784
402000	1.14E-009	0.08474
402500	1.14E-009	0.0846959
403000	1.14E-009	0.0846519
403500	1.13E-009	0.0846078
404000	1.13E-009	0.0845638
404500	1.13E-009	0.0845198
405000	1.12E-009	0.0844757
405500	1.12E-009	0.0844349
406000	1.12E-009	0.0843942
406500	1.12E-009	0.0843534
407000	1.11E-009	0.0843126
407500	1.11E-009	0.0842718
408000	1.11E-009	0.084231
408500	1.11E-009	0.0841902
409000	1.10E-009	0.0841495
409500	1.10E-009	0.0841087
410000	1.10E-009	0.0840679
410500	1.09E-009	0.0840271
411000	1.09E-009	0.0839863
411500	1.09E-009	0.0839456
412000	1.09E-009	0.0839048
412500	1.08E-009	0.083864
413000	1.08E-009	0.0838232
413500	1.08E-009	0.0837824
414000	1.08E-009	0.0837416
414500	1.07E-009	0.0837009
415000	1.07E-009	0.0836601
415500	1.07E-009	0.0836193
416000	1.07E-009	0.0835785
416500	1.06E-009	0.0835377
417000	1.06E-009	0.0834969
417500	1.06E-009	0.0834562
418000	1.06E-009	0.0834154
418500	1.05E-009	0.0833746
419000	1.05E-009	0.0833338
419500	1.05E-009	0.083293
420000	1.05E-009	0.0832522
420500	1.04E-009	0.0832115
421000	1.04E-009	0.0831707
421500	1.04E-009	0.0831299
422000	1.04E-009	0.0830891
422500	1.03E-009	0.0830483
423000	1.03E-009	0.0830076
423500	1.03E-009	0.0829668
424000	1.03E-009	0.082926
424500	1.02E-009	0.0828852
425000	1.02E-009	0.0828444
425500	1.02E-009	0.0828036
426000	1.02E-009	0.0827629
426500	1.01E-009	0.0827221
427000	1.01E-009	0.0826813
427500	1.01E-009	0.0826405
428000	1.01E-009	0.0825997
428500	1.00E-009	0.0825589
429000	1.00E-009	0.0825182
429500	1.00E-009	0.0824774
430000	9.98E-010	0.0824366
430500	9.95E-010	0.0823958
431000	9.93E-010	0.082355
431500	9.90E-010	0.0823142
432000	9.88E-010	0.0822735
